
			detection_id: 0 
			point1:
			corner_x: 480.5 
			corner_y: 263.5
			corner_z: 1.0
			point2:
			corner_x: 494.5 
			corner_y: 256.5
			corner_z: 1.0
			point3:
			corner_x: 495.5 
			corner_y: 234.5
			corner_z: 1.0
			point4:
			corner_x: 480.5 
			corner_y: 240.5
			corner_z: 1.0

			tag_size: 0.0480000004172
			position_x: 0.0418834581845
			position_y: -0.0488167871018
			position_z: 1.05835901293
			rotation_x: 0.884670542732
			rotation_y: -0.0841785233567
			rotation_z: 0.419632595604
			rotation_w: -0.184879668255
			